color_palette <- c(
    "0" = "#132B08", #132B08
    "0.61" = "#265A0C", #265A0C
    "1.22" = "#398E0B", #398E0B
    "2.44" = "#4DC507", #4DC507
    "4.88" = "#62FF00", #62FF00
    "9.77" = "#75FF1A", #75FF1A
    "19.53" = "#85FF33", #85FF33
    "39.06" = "#620B8E", #620B8E
    "78.13" = "#410C5A", #410C5A
    "156.25" = "#21082B" #21082B
)
